STcod         1
VALn1         0
AV1LN       3.0000000000000000       3.1257625855648241       5.0000000000000000     1
SD1LN       1.1499999999999999       1.5014071807157491       3.5000000000000000     1
AV2LN       3.0999999999999996       3.1128388144671536       5.3000000000000001     1
SD2LN       3.1000000000000001       3.0811500967353089       4.0000000000000000     1
PHILN       30.099999999999994       40.047462719401992       50.000000000000000     1
STR_i      0.99500000000000000       1.0004746261607735       1.0049999999999999     0
STR_1       1.0000000000000000       1.0004746261607735       1.0020000000000000     0
STR_C       1.0000000000000000       910.50000000000000       1.0500000000000000     0
STR_W      0.10000000000000000E-01   1.0000000000000000       100.00000000000000     0
ATO01         1    1
OKK_I      0.50000000000000000      0.99999998509883881       1.0000000000000000     0
OKK_0      0.50000000000000000      0.99999998509883881       1.0000000000000000     0
OKK_L       1.0009999999999999       1.0010000149011611       100.00000000000000     0
BTH_I      0.19999999999999998      0.50179997196869994       2.7999999999999998     1
BTH_0      0.10000000000000001       1.0000000000000000       2.0000000000000000     0
BTH_L       1.0009999999999999       1.0010000149011611       1200.0000000000000     0
ATO02         1    1
OKK_I      0.90000999999999998      0.99999998509883881       1.0000000000000000     0
OKK_0      0.83750000000000002      0.99999998509883881       1.0000000000000000     0
OKK_L       1.0009999999999999       1.0010000149011611       1000.0000000000000     0
BTH_I      0.19999999999999998      0.23567465946084893       2.8999999999999999     1
BTH_0      0.10000000000000000E-02   1.0000000000000000       2.0000000000000000     0
BTH_L       1.0009999999999999       1.0010000149011611       1200.0000000000000     0
