STcod         1
VALn1         0
AV1LN       10.000000000000000       19.372544874766049       35.000000000000000     1
SD1LN       1.5499999999999998       1.5558341446847677       5.5000000000000000     1
AV2LN       5.0999999999999996       25.313534334406985       30.300000000000001     0
SD2LN       1.1000000000000001       3.4086536519583825       5.5000000000000000     0
PHILN      -45.100000000000001       44.994268085010170       45.000000000000000     0
STR_i      0.98540000000000005       1.0000000000000000       1.0020000000000000     0
STR_1       1.0000000000000000       1.0000000000000000       1.0020000000000000     0
STR_C       1.0000000000000000       36.500000000000000       1.0500000000000000     0
STR_W      0.10000000000000000E-01   1.0000000000000000       100.00000000000000     0
ATO01         1    1
OKK_I      0.50000000000000000      0.99999998509883881       1.0000000000000000     0
OKK_0      0.50000000000000000      0.99999998509883881       1.0000000000000000     0
OKK_L       1.0009999999999999       1.0010000149011611       100.00000000000000     0
BTH_I      0.19999999999999998      0.24341152405415933       2.7999999999999998     1
BTH_0      0.10000000000000001       1.0000000000000000       2.0000000000000000     0
BTH_L       1.0009999999999999       1.0010000149011611       1200.0000000000000     0
ATO02         1    1
OKK_I      0.90000999999999998      0.99999998509883881       1.0000000000000000     0
OKK_0      0.83750000000000002      0.99999998509883881       1.0000000000000000     0
OKK_L       1.0009999999999999       1.0010000149011611       1000.0000000000000     0
BTH_I      0.19999999999999998       1.1574120274358801       2.8999999999999999     1
BTH_0      0.10000000000000000E-02   1.0000000000000000       2.0000000000000000     0
BTH_L       1.0009999999999999       1.0010000149011611       1200.0000000000000     0
