STcod         4
VALn1         0
AV1LN                2.000000                2.500009                9.000000      1
SD1LN                1.200000                1.211774                2.500000      1
AV2LN                0.001000                0.001000                1.000000      0
SD2LN                0.000000                0.000000                1.000000      0
PHILN                0.001000                0.001000                1.000000      0
STR_i               -0.005000               -0.004636               -0.001000      1
STR_1               -0.005000               -0.004454               -0.001000      1
STR_C                1.000000               46.500000                1.050000      0
STR_W                0.010000                1.000000              100.000000      0
ATO01         1    1
OKK_I                0.833330                0.999999                1.000000      0
OKK_0                0.833330                0.999999                1.000000      0
OKK_L                1.001000                1.001000             1000.000000      0
BTH_I                0.001000                0.437008                1.000000      1
BTH_0                0.001000                0.001000                2.000000      0
BTH_L                1.001000               12.547658             1000.000000      0
ATO02         2    1
OKK_I                0.833333                0.999999                1.000000      1
OKK_0                0.833333                0.999999                0.990000      1
OKK_L                1.001000               27.625062              100.000000      1
BTH_I                0.001000                0.901008                1.000000      1
BTH_0                0.001000                0.921583                2.000000      0
BTH_L                1.001000              818.770389             1000.000000      0
ATO03         1    1
OKK_I                0.001000                1.000000                1.000000      0
OKK_0                0.001000                1.000000                1.000000      0
OKK_L                0.001000                1.000000             1000.000000      0
BTH_I                0.001000                0.490061                1.000000      1
BTH_0                0.001000                0.454683                2.000000      0
BTH_L                1.001000              324.445182             1000.000000      0
